Hello
1.7008069999999997 4
1.726804 4
1.7008459999999999 4
1.6497259999999998 4
1.700291 4
1.7008069999999997 4
1.7008069999999997 4
1.659878 4
1.6693319999999998 4
1.6591520000000002 4
1.645861 4
1.619834 4
1.619834 4
1.595426 4
1.5485669999999998 4
1.583227 4
1.568066 4
1.540338 4
1.488129 4
1.499435 4
1.485848 4
1.4286590000000001 4
1.4286590000000001 4
1.4110559999999999 4
1.341731 4
1.3583150000000002 4
1.3175780000000001 4
1.234378 4
1.2710849999999998 4
1.226505 4
1.226505 4
1.208211 4
1.208211 4
1.157158 4
1.157158 4
1.141133 4
1.141133 4
1.141133 4
1.141133 4
1.141133 4
1.141133 4
1.141133 4
1.141133 4
1.141133 4
1.141133 4
1.141133 4
1.123121 4
1.123121 4
1.123121 4
1.123121 4
1.123121 4
1.123121 4
1.123121 4
1.123121 4
1.122452 4
1.141133 4
1.124182 4
1.124182 4
1.1227740000000002 4
1.1220400000000001 4
1.118372 4
1.118372 4
1.118372 4
1.118372 4
1.118372 4
1.118372 4
1.118372 4
1.118372 4
1.118372 4
1.118372 4
1.1139489999999999 4
1.1139489999999999 4
1.1139489999999999 4
1.1139489999999999 4
1.1139489999999999 4
1.1139489999999999 4
1.1139489999999999 4
1.1139489999999999 4
1.1139489999999999 4
1.1139489999999999 4
1.1139489999999999 4
1.113761 4
1.113761 4
1.113761 4
1.113761 4
1.113761 4
1.113761 4
1.113761 4
1.113761 4
1.113761 4
1.113761 4
1.113761 4
1.113761 4
1.113761 4
1.113761 4
1.113761 4
1.113761 4
1.113761 4
1.113761 4
1.113761 4
1.113761 4
1.113761 4
1.113761 4
1.113761 4
1.113761 4
1.113761 4
1.113761 4
1.113761 4
1.113761 4
1.113761 4
1.113761 4
1.113761 4
1.113761 4
1.113667 4
1.113779 4
1.113779 4
1.113779 4
1.113714 4
1.1136480000000002 4
1.1136480000000002 4
1.1136480000000002 4
1.1136480000000002 4
1.1136480000000002 4
1.1136480000000002 4
1.1136480000000002 4
1.1136480000000002 4
1.1136480000000002 4
1.1136480000000002 4
1.1136480000000002 4
1.1136480000000002 4
1.1136480000000002 4
1.1136480000000002 4
1.1136480000000002 4
1.1136480000000002 4
1.1136480000000002 4
1.1136480000000002 4
1.1136480000000002 4
1.1136480000000002 4
1.1136480000000002 4
1.1136480000000002 4
1.1136480000000002 4
1.1136480000000002 4
Hello
1.1136480000000002 5
1.1214469999999999 5
1.1214469999999999 5
1.089418 5
1.089418 5
1.089418 5
1.089418 5
1.109998 5
1.109998 5
1.109998 5
1.109998 5
1.109998 5
1.109998 5
1.104365 5
1.104522 5
1.104365 5
1.0995300000000001 5
1.0995300000000001 5
1.0995300000000001 5
1.0995300000000001 5
1.0995300000000001 5
1.0995300000000001 5
1.0995300000000001 5
1.099313 5
1.1026749999999998 5
1.1026749999999998 5
1.094325 5
1.09443 5
1.09443 5
1.0935009999999998 5
1.09121 5
1.089444 5
1.090817 5
1.090817 5
1.086664 5
1.08291 5
1.083982 5
1.083831 5
1.084968 5
1.084968 5
1.0792519999999999 5
1.074315 5
1.074314 5
1.06706 5
1.07815 5
1.071783 5
1.068793 5
1.064089 5
1.054761 5
1.055919 5
1.053045 5
1.041299 5
1.045889 5
1.040087 5
1.025649 5
1.028897 5
1.0188709999999999 5
0.997979 5
1.009537 5
0.99708 5
0.972724 5
0.981579 5
0.9682540000000001 5
0.939471 5
0.9501329999999999 5
0.931836 5
0.897343 5
0.9101750000000001 5
0.894282 5
0.858448 5
0.8699760000000001 5
0.850716 5
0.813452 5
0.825554 5
0.805312 5
0.768208 5
0.782177 5
0.764386 5
0.731262 5
0.741581 5
0.72448 5
0.695315 5
0.705225 5
0.690106 5
0.665448 5
0.6742819999999999 5
0.663082 5
0.6438929999999999 5
0.649674 5
0.6399060000000001 5
0.62466 5
0.6298079999999999 5
0.6224379999999999 5
0.6107978 5
0.614706 5
0.6097241 5
0.6012953999999999 5
0.6035763999999999 5
0.5992532 5
0.5927523 5
0.5950265 5
0.5920982 5
0.5874156 5
0.5889347 5
0.5868623000000001 5
0.5835098 5
0.5844553 5
0.5826149 5
0.5800308 5
0.5810539 5
0.5799917 5
0.5782225999999999 5
0.5787013999999999 5
0.577869 5
0.5765645 5
0.5769432999999999 5
0.5762501 5
0.5752586 5
0.5756502 5
0.5753203 5
0.5750010999999999 5
0.5744112 5
0.5744545 5
0.5743153 5
0.5738795999999999 5
0.5739292 5
0.5738352999999999 5
0.5735234 5
0.5735525 5
0.5734038 5
0.5731628 5
0.5732689 5
0.5731188 5
0.5729383 5
0.5730329999999999 5
0.5729207999999999 5
0.5727867 5
0.57286 5
0.5727684 5
0.5726784 5
0.572701 5
0.572653 5
0.5725841 5
0.5726089 5
0.5725891000000001 5
0.5725511999999999 5
0.5724946 5
0.5725203000000001 5
0.5725072 5
0.5724843 5
0.5724506 5
0.5724629000000001 5
0.5724481 5
0.5724244 5
0.5724277 5
0.5724251 5
0.5724153 5
0.572392 5
0.5723936000000001 5
0.5723914 5
0.5723795 5
0.5723803 5
0.5723795 5
0.5723695 5
0.5723679 5
0.5723679 5
0.5723571 5
0.5723558 5
0.5723564 5
0.5723559 5
0.5723466 5
0.5723461 5
0.5723459 5
0.572344 5
0.5723445 5
0.5723442000000001 5
0.5723344 5
0.5723338 5
0.572334 5
0.5723342 5
0.5723338 5
0.5723336 5
0.5723334 5
0.5723335 5
0.5723329 5
0.5723326 5
0.5723325 5
0.5723320000000001 5
0.5723324 5
0.5723329 5
0.5723324 5
0.5723321 5
0.5723217999999999 5
0.5723225 5
0.5723327 5
0.5723319 5
0.5723227999999999 5
0.5723325 5
0.5723322 5
0.5723227 5
0.5723225 5
0.5723223999999999 5
0.5723225999999999 5
0.5723223999999999 5
0.5723223999999999 5
0.5723223999999999 5
0.5723324 5
0.5723225 5
0.5723225 5
0.5723225 5
0.5723227 5
0.5723225999999999 5
0.5723225999999999 5
0.5723225999999999 5
0.5723227 5
0.5723227 5
0.5723227 5
0.5723227 5
0.5723227 5
0.5723227 5
0.5723227 5
0.5723227999999999 5
0.5723227999999999 5
0.5723227999999999 5
0.5723227999999999 5
0.5723227999999999 5
0.5723217999999999 5
0.5723217999999999 5
0.5723217999999999 5
0.5723217999999999 5
0.5723217999999999 5
0.5723217999999999 5
0.5723217999999999 5
0.5723217999999999 5
0.5723217999999999 5
0.5723217999999999 5
0.5723217999999999 5
0.5723217999999999 5
0.5723217999999999 5
0.5723217999999999 5
0.5723217999999999 5
0.5723217999999999 5
0.5723217999999999 5
0.5723217999999999 5
0.5723217999999999 5
0.5723217999999999 5
0.5723217999999999 5
0.5723217999999999 5
0.5723217999999999 5
0.5723217999999999 5
0.5723217999999999 5
0.5723217999999999 5
0.5723217999999999 5
0.5723217999999999 5
0.5723217999999999 5
0.5723217999999999 5
0.5723217999999999 5
0.5723217999999999 5
0.5723217999999999 5
0.5723217999999999 5
0.5723217999999999 5
0.5723217999999999 5
0.5723217999999999 5
0.5723217999999999 5
0.5723217999999999 5
0.5723217999999999 5
0.5723217999999999 5
0.5723217999999999 5
0.5723217999999999 5
0.5723217999999999 5
0.5723217999999999 5
0.5723217999999999 5
0.5723217999999999 5
0.5723217999999999 5
0.5723217999999999 5
0.5723217999999999 5
0.5723217999999999 5
0.5723217999999999 5
0.5723217999999999 5
0.5723217999999999 5
0.5723217999999999 5
0.5723217999999999 5
0.5723217999999999 5
0.5723217999999999 5
0.5723217999999999 5
0.5723217999999999 5
0.5723217999999999 5
0.5723217999999999 5
0.5723217999999999 5
0.5723217999999999 5
0.5723217999999999 5
0.5723217999999999 5
0.5723217999999999 5
0.5723217999999999 5
0.5723217999999999 5
0.5723217999999999 5
0.5723217999999999 5
0.5723217999999999 5
0.5723217999999999 5
0.5723217999999999 5
0.5723217999999999 5
0.5723217999999999 5
0.5723217999999999 5
0.5723217999999999 5
0.5723217999999999 5
0.5723217999999999 5
0.5723217999999999 5
0.5723217999999999 5
0.5723217999999999 5
0.5723217999999999 5
0.5723217999999999 5
0.5723217999999999 5
0.5723217999999999 5
0.5723217999999999 5
0.5723217999999999 5
0.5723217999999999 5
0.5723217999999999 5
0.5723217999999999 5
0.5723217999999999 5
0.5723217999999999 5
0.5723217999999999 5
0.5723217999999999 5
0.5723217999999999 5
0.5723217999999999 5
0.5723217999999999 5
0.5723217999999999 5
0.5723217999999999 5
0.5723217999999999 5
0.5723217999999999 5
0.5723217999999999 5
0.5723217999999999 5
0.5723217999999999 5
0.5723217999999999 5
0.5723217999999999 5
0.5723217999999999 5
0.5723217999999999 5
0.5723217999999999 5
0.5723217999999999 5
0.5723217999999999 5
0.5723217999999999 5
0.5723217999999999 5
0.5723217999999999 5
0.5723217999999999 5
0.5723217999999999 5
0.5723217999999999 5
0.5723217999999999 5
0.5723217999999999 5
0.5723217999999999 5
0.5723217999999999 5
0.5723217999999999 5
0.5723217999999999 5
0.5723217999999999 5
0.5723217999999999 5
0.5723217999999999 5
0.5723217999999999 5
0.5723217999999999 5
0.5723217999999999 5
0.5723217999999999 5
0.5723217999999999 5
0.5723217999999999 5
0.5723217999999999 5
0.5723217999999999 5
0.5723217999999999 5
0.5723217999999999 5
0.5723217999999999 5
0.5723217999999999 5
0.5723217999999999 5
0.5723217999999999 5
0.5723217999999999 5
0.5723217999999999 5
0.5723217999999999 5
0.5723217999999999 5
0.5723217999999999 5
0.5723217999999999 5
0.5723217999999999 5
0.5723217999999999 5
0.5723217999999999 5
0.5723217999999999 5
0.5723217999999999 5
0.5723217999999999 5
0.5723217999999999 5
0.5723217999999999 5
0.5723217999999999 5
0.5723217999999999 5
0.5723217999999999 5
0.5723217999999999 5
0.5723217999999999 5
0.5723217999999999 5
0.5723217999999999 5
0.5723217999999999 5
0.5723217999999999 5
0.5723217999999999 5
0.5723217999999999 5
0.5723217999999999 5
0.5723217999999999 5
0.5723217999999999 5
0.5723217999999999 5
0.5723217999999999 5
0.5723217999999999 5
0.5723217999999999 5
0.5723217999999999 5
0.5723217999999999 5
0.5723217999999999 5
0.5723217999999999 5
0.5723217999999999 5
0.5723217999999999 5
0.5723217999999999 5
0.5723217999999999 5
0.5723217999999999 5
0.5723217999999999 5
0.5723217999999999 5
0.5723217999999999 5
0.5723217999999999 5
0.5723217999999999 5
0.5723217999999999 5
0.5723217999999999 5
0.5723217999999999 5
0.5723217999999999 5
0.5723217999999999 5
0.5723217999999999 5
0.5723217999999999 5
0.5723217999999999 5
0.5723217999999999 5
0.5723217999999999 5
0.5723217999999999 5
0.5723217999999999 5
0.5723217999999999 5
0.5723217999999999 5
0.5723217999999999 5
0.5723217999999999 5
0.5723217999999999 5
0.5723217999999999 5
Hello
0.5723601 6
0.5731681 6
0.5723602999999999 6
0.5717159 6
0.5723601 6
0.5722944 6
0.5723602 6
0.5713865 6
0.5706252999999999 6
0.5715127 6
0.5712575 6
0.5709257 6
0.5705168 6
0.5697914000000001 6
0.569877 6
0.5696555 6
0.5688228 6
0.5690898 6
0.5686995 6
0.5679034000000001 6
0.5680843000000001 6
0.5677494 6
0.5671684 6
0.5672642 6
0.5669985 6
0.56699973 6
0.56691491 6
0.5670267099999999 6
0.56698261 6
0.56693741 6
0.56709477 6
0.56724639 6
0.5670122 6
0.5672767000000001 6
0.56697292 6
0.5672704 6
0.56695375 6
0.5669829500000001 6
0.56698499 6
0.56692967 6
0.56709937 6
0.56691458 6
0.56684347 6
0.56678918 6
0.5668693199999999 6
0.56687188 6
0.56690997 6
0.5668996 6
0.56675713 6
0.56667302 6
0.56666799 6
0.56652625 6
0.5666315599999999 6
0.56670793 6
0.56655762 6
0.5664592399999999 6
0.5664329 6
0.5662542399999999 6
0.5659808500000001 6
0.5663028999999999 6
0.5659316299999999 6
0.56544114 6
0.5656407 6
0.5660381999999999 6
0.5650552 6
0.5639789 6
0.56431543 6
0.5636213000000001 6
0.5612776100000001 6
0.5643698699999999 6
0.560922 6
0.5548924000000001 6
0.55667963 6
0.5440318 6
0.6053897 6
0.579815 6
0.5624245 6
0.5275245 6
0.60034417 6
0.60034417 6
0.5611088 6
0.8846959999999999 6
0.55972114 6
0.541645 6
0.7291351 6
0.5574375 6
0.5574375 6
0.533155 6
0.533155 6
0.533155 6
0.6286328 6
0.54533 6
0.54533 6
0.537007 6
0.537007 6
0.537007 6
0.537007 6
0.6566420000000001 6
0.6566420000000001 6
0.5288471 6
0.49136 6
0.49136 6
0.5291279 6
0.5291279 6
0.533613 6
0.5218700000000001 6
0.5362365 6
0.618925 6
2.852525 6
0.509592 6
0.5132856 6
0.514928 6
0.5152429999999999 6
1.026185 6
0.5233519 6
0.5303612 6
0.5220381000000001 6
0.517252 6
0.667271 6
0.5148835 6
0.5211447 6
0.50671 6
0.49984 6
0.493655 6
0.500796 6
0.6403890000000001 6
0.505819 6
0.482079 6
0.46076100000000003 6
0.472124 6
0.477539 6
0.479235 6
0.442364 6
8.18838 6
0.42496100000000003 6
1.6422690000000002 6
0.39317199999999997 6
0.6623963 6
160.20034 6
0.461735 6
0.44633 6
0.391891 6
11.106770000000001 6
0.447611 6
0.593003 6
0.438027 6
0.455174 6
0.403133 6
8.1687 6
0.427803 6
0.386749 6
0.37092400000000003 6
0.360643 6
1.1976406199999998 6
0.730097 6
0.406412 6
0.350446 6
0.350446 6
0.37960000000000005 6
0.34731 6
0.34731 6
0.34731 6
0.34731 6
0.359943 6
0.359943 6
0.359943 6
0.359943 6
0.348903 6
0.369249 6
0.369249 6
0.358726 6
0.358726 6
0.347321 6
0.347135 6
0.351298 6
0.351298 6
0.347386 6
0.348386 6
0.36302 6
0.353498 6
0.346677 6
0.346544 6
0.346916 6
0.34767000000000003 6
0.34839299999999995 6
0.35184 6
0.353359 6
0.347201 6
0.34766600000000003 6
0.347889 6
0.34687 6
0.348074 6
0.346744 6
0.34830099999999997 6
0.346598 6
0.346826 6
0.346939 6
0.346625 6
0.347142 6
0.346605 6
0.346899 6
0.346587 6
0.3468 6
0.34658100000000003 6
0.346794 6
0.34655800000000003 6
0.34664799999999996 6
0.346555 6
0.346661 6
0.346547 6
0.34663499999999997 6
0.346544 6
0.346617 6
0.34655199999999997 6
0.34658100000000003 6
0.346545 6
0.346593 6
0.34653599999999996 6
0.346552 6
0.346533 6
0.346548 6
0.346534 6
0.34655300000000006 6
0.34653899999999993 6
0.346553 6
0.346541 6
0.34655 6
0.346546 6
0.34653300000000004 6
0.34654 6
0.346531 6
0.346532 6
0.34652299999999997 6
0.34654399999999996 6
0.34653 6
0.346534 6
0.34653300000000004 6
0.346541 6
0.346542 6
0.346536 6
0.34653199999999995 6
0.346533 6
0.346538 6
0.346523 6
0.346538 6
0.346537 6
0.34653300000000004 6
0.346526 6
0.346535 6
0.34653 6
0.346536 6
0.346524 6
0.34654 6
0.34653199999999995 6
0.34653100000000003 6
0.346534 6
0.346533 6
0.346533 6
0.346529 6
0.34654 6
0.346532 6
0.346532 6
0.346528 6
0.346533 6
0.34653900000000004 6
0.34653100000000003 6
0.346526 6
0.346538 6
0.346533 6
0.346538 6
0.346537 6
0.346534 6
0.346537 6
0.346545 6
0.34653 6
0.346537 6
0.346538 6
0.346539 6
0.34654 6
0.346536 6
0.346534 6
0.346534 6
0.346533 6
0.346543 6
0.346536 6
0.346534 6
0.346534 6
0.346534 6
0.346535 6
0.346535 6
0.346537 6
0.346533 6
0.346534 6
0.346534 6
0.346534 6
0.346534 6
0.346541 6
0.346535 6
0.34654199999999996 6
0.346534 6
0.346543 6
0.346534 6
0.346533 6
0.346534 6
0.346534 6
0.346534 6
0.346534 6
0.346534 6
0.346533 6
0.346533 6
0.346533 6
0.346533 6
0.346533 6
0.346533 6
0.346533 6
0.34652299999999997 6
0.346533 6
0.346533 6
0.34652299999999997 6
0.346533 6
0.346533 6
0.346533 6
0.346533 6
0.346533 6
0.346533 6
0.34652299999999997 6
0.34652299999999997 6
0.34652299999999997 6
0.346533 6
0.34652299999999997 6
0.346533 6
0.34652299999999997 6
0.346533 6
0.34652299999999997 6
0.34652299999999997 6
0.34652299999999997 6
0.34652299999999997 6
0.34652299999999997 6
0.34652299999999997 6
0.34652299999999997 6
0.34652299999999997 6
0.34652299999999997 6
0.34652299999999997 6
0.34652299999999997 6
0.34652299999999997 6
0.34652299999999997 6
0.34652299999999997 6
0.34652299999999997 6
0.34652299999999997 6
0.34652299999999997 6
0.34652299999999997 6
0.34652299999999997 6
0.34652299999999997 6
0.34652299999999997 6
0.34652299999999997 6
0.34652299999999997 6
0.34652299999999997 6
0.34652299999999997 6
0.34652299999999997 6
0.34652299999999997 6
0.34652299999999997 6
0.34652299999999997 6
0.34652299999999997 6
0.34652299999999997 6
0.34652299999999997 6
0.34652299999999997 6
0.34652299999999997 6
0.34652299999999997 6
0.34652299999999997 6
0.34652299999999997 6
0.34652299999999997 6
0.34652299999999997 6
0.34652299999999997 6
0.34652299999999997 6
0.34652299999999997 6
0.34652299999999997 6
0.34652299999999997 6
0.34652299999999997 6
0.34652299999999997 6
0.34652299999999997 6
0.34652299999999997 6
0.34652299999999997 6
0.34652299999999997 6
0.34652299999999997 6
0.34652299999999997 6
0.34652299999999997 6
0.34652299999999997 6
0.34652299999999997 6